5821
2978
4790
6420
6680
1866
6675
6499
794
2618
3573
6403
7912
4731
967
3295
819
7031
959
5315
517
6323
7934
2844
7985
2403
2991
4000
7577
4012
5201
5701
1225
2029
2383
5045
7902
1525
5205
2372
3707
5057
5208
1494
1022
3375
2304
6671
4827
2961
2906
4016
1418
3803
1021
1662
6394
1492
1768
7613
3254
2998
7790
6399
5165
7228
7744
624
4795
7140
7010
4533
6447
5580
5582
857
2966
6263
5812
4923
1907
3249
7411
1860
4865
1868
821
4336
7908
4102
753
825
5925
3926
1445
3158
8014
1475
2659
4669
6368
2096
6842
2527
3335
660
7302
2070
1610
2039
3951
3534
7194
3106
3048
7503
5408
2171
7819
6661
6154
4325
5954
4713
4356
2129
2509
1922
3757
1000
7050
4410
1574
3841
7853
1121
612
6602
7025
6541
1548
1778
1794
1661
7656
669
1405
5729
6406
7074
5341
4277
6986
4969
7659
5655
7820
3878
5138
7460
4300
3137
3225
7848
5460
5384
3955
7769
3773
4915
6287
2346
3657
1503
4047
2675
7631
2306
6795
2186
4234
6303
3347
7044
3125
2164
6648
2457
563
4437
3011
6965
7004
5968
6702
5567
4461
2297
7492
2130
5046
1135
5927
3177
644
4800
5797
7736
2685
513
5565
4884
1097
4791
7996
4817
3313
5110
4802
3522
7872
7201
4523
4318
4637
2429
6066
8016
3513
3392
5097
5182
594
6341
4473
6139
5921
6694
7555
1973
7508
6799
6884
3452
6432
2147
6608
5368
7568
2756
739
2975
7132
926
2220
3361
572
6684
4150
1319
2636
4787
3489
1965
4700
2055
3318
5002
1158
2108
1758
7841
6088
535
6478
2211
7049
3122
3769
5115
2870
5959
7366
5702
7986
1288
2299
4647
2493
7414
6218
1143
4683
7729
2197
5693
1029
5615
2810
4408
6480
3964
2661
2215
1153
8003
6507
2650
3566
6712
3344
767
3820
6733
3758
4297
7689
4358
4022
4414
5731
5828
3509
5290
5512
3376
7523
3007
2814
6343
6919
4344
7097
6979
3175
6214
2703
7389
4522
4837
2900
3919
7570
7816
4812
1675
5191
1114
3976
1065
4250
880
6311
3100
5343
4146
6353
6592
2253
8011
3090
5937
2673
2781
2926
3754
2466
5440
6418
7592
3920
1395
743
5784
1414
5570
7476
3651
2573
977
3848
4201
2496
968
1894
6058
4508
4970
4163
5192
4129
4593
1151
3992
2076
7783
1388
4436
7424
1802
7102
2815
1819
733
3710
6192
5356
7591
5038
4011
4888
1840
6227
6130
1132
7893
2037
1276
4156
6623
3448
1202
875
5997
4755
1619
2729
7785
3211
939
4227
7442
5180
2969
2212
5184
5359
5980
6573
6666
687
3745
3237
4930
4955
1162
617
7357
5203
6586
4912
3725
1847
3444
2869
4786
3371
5519
569
7437
4684
6379
1711
3066
4734
1187
4327
6073
6135
1697
3611
7152
983
2251
5740
7695
6021
2136
5400
5933
2932
2015
6070
1118
1160
6845
2588
2135
996
1326
2166
609
4556
4752
3393
6369
3412
6646
7645
2534